drugbank-id,interaction
DB02351,"Dan shen, dong quai, evening primrose oil, gingko, policosanol, willow bark"
DB02351,Echinacea
BIOD00043,Recommended adequate hydration.
DB00084,Avoid alcohol.
DB00037,Avoid alcohol.
DB01310,Inject subcutaneuosly 15 minutes before meal
DB09392,Ethanol
DB05356,"Delayed release capsules should not be broken or crushed, but for those patients who cannot swallow the capsules, sprinkle the contents of the capsule onto soft acidic foods (pH of ≤4.5). Alkaline foods with a higher pH will promote early release of pancrelipase followed by enzyme inactivation in the stomach.   "
DB05356,"Multivitamins/minerals which have vitamins ADEK, folate, or iron: If pancrelipase is used in combination with multivitamins/minerals that have vitamins ADEK, folate, or iron then monitor therapy because pancrelipase may decrease absorption of iron in these multivitamin/mineral products."
DB05356,Take pancrelipase with meals and a sufficient amount of water.
BIOD00003,Avoid salt substitutes containing potassium.
BIOD00003,Avoid taking with grapefruit or grapefruit juice as grapefruit can significantly increase serum levels of this product.
BIOD00003,"Red wine may reduce cyclosporine levels due to increased metabolism, therefore it appears prudent  to avoid red wine (white wine does not appear to affect cyclosporine metabolism)."
BIOD00003,"When taken with a meal, AUC and Cmax of cyclosporine modified decreased."
DB05600,Avoid alcohol.
NUTR00038,Take with food.
APRD00328,Avoid alcohol.
APRD00328,Avoid drastic changes in dietary habit.
APRD00328,Take without regard to meals.
APRD00425,Avoid alcohol.
APRD00425,Avoid high doses of caffeine.
APRD00425,Grapefruit and grapefruit juice should be avoided throughout treatment as grapefruit can significantly increase serum levels of this product.
APRD00425,Take without regard to meals.
APRD00009,Alcohol may increase the vasodilatory effects of ramipril. 
APRD00009,"Herbs that may attenuate the antihypertensive effect of ramipril include: bayberry, blue cohash, cayenne, ephedra, ginger, ginseng (American), kola and licorice.  "
APRD00009,High salt intake may attenuate the antihypertensive effect of ramipril. 
APRD00009,Ramipril decreases the excretion of potassium. Salt substitutes containing potassium increase the risk of hyperkalemia. 
APRD00009,Take without regard to meals.
APRD00551,Avoid alcohol.
APRD00551,Take without regard to meals.
APRD00116,Avoid alcohol.
APRD00116,Avoid excessive quantities of coffee or tea (Caffeine).
APRD00116,Take with food.
DB07475,Citrus fruits - Patients should avoid taking extra vitamin C (ascorbic acid) supplements and vitamin C-containing multi-vitamins during their bortezomib therapy. Ascorbic Acid may diminish the therapeutic effect of Bortezomib.
DB07475,Green Tea - Green Tea may diminish the antineoplastic effect of Bortezomib. Avoid concurrent use of green tea extract and other green tea products during treatment with bortezomib. 
APRD00958,Avoid alcohol
APRD00958,Take with food to reduce irritation.
APRD00093,Limit caffeine intake.
APRD00093,Take without regard to meals.
APRD00028,"Oral administration of tramadol hydrochloride with food does not significantly affect its rate or extent of absorption, therefore, tramadol hydrochloride can be administered without regard to food."
APRD00327,Take without regard to meals.
APRD01148,Take without regard to meals. Food may improve gastric tolerance.
APRD00953,Avoid alcohol.
APRD00953,Take on empty stomach: 1 hour before or 2 hours after meals.
APRD00953,Take with a full glass of water Avoid taking with grapefruit juice.
APRD00599,Folic acid needs increased.
APRD00599,Take with food to reduce irritation.
APRD00472,"Magnesium, potassium and zinc needs increased."
APRD00472,Take with food to reduce irritation. Avoid alcohol.
APRD00397,Do not take Aluminum or magnesium antacids or supplements while on this medication.
APRD00397,Take on empty stomach: 1 hour before or 2 hours after meals.
APRD01257,"High fat meals will increase ticlopidine absorption. As well, food can help ticlopidine-induced stomach upset."
APRD01116,Take without regard to meals.
APRD00073,Take without regard to meals.
APRD00147,Avoid alcohol.
APRD00147,Avoid St.John's Wort.
APRD00147,Take without regard to meals.
APRD00945,Exposure to the product (area below curve) and  maximum concentrations are increased when product is taken with a high-fat meal.
APRD00281,Take without regard to meals. Drink liberally. Absorption is not affected by lipid-rich meals or yogourt.
APRD00003,Food significantly increases absorption (2 to 3 times).
APRD00003,Take with food.
APRD00381,Avoid alcohol.
APRD00381,"Even though food reduces product absorption, the manufacturer recommends taking the product with the first meal of the day."
APRD00069,Avoid excessive or chronic alcohol use.
APRD00069,Avoid taking with grapefruit juice
APRD00069,Take on empty stomach: 1 hour before or 2 hours after meals.
APRD00069,Take with a full glass of water.
APRD00370,Avoid alcohol.
APRD00370,Avoid drastic changes in dietary habit.
APRD00370,Avoid taking with grapefruit juice.
APRD00370,"Take with food, 50% increase in bioavailability when taken with food."
APRD01198,Avoid alcohol (may increase CNS effects).
APRD01198,"When taken with food, Cmax decreases, while Tmax is prolonged. Despite these observations, the total absorption of pregabalin is not effected to a clinically relevant degree. Pregabalin can be taken with or without food. "
APRD00676,Avoid alcohol.
APRD00676,Avoid avocado.
APRD00676,Avoid excessive quantities of coffee or tea (Caffeine).
DB09367,Take without regard to meals.
DB08311,Avoid alcohol.
DB08311,Take without regard to meals.
APRD00260,"Echinacea should be used with caution, if at all, in patients receiving therapeutic immunosuppressants. Monitor for reduced efficacy of the immunosuppressant during concomitant use. "
APRD01300,Grapefruit and grapefruit juice should be avoided throughout treatment.
APRD01300,Take without regard to meals.
DB06396,Take without regard to meals.
APRD00748,Avoid alcohol.
APRD00748,Take with food to reduce irritation.
APRD00540,Avoid alcohol.
APRD00463,Take with food to reduce irritation.
APRD00836,Absorption is not affected by food.
APRD00836,Take with food to improve tolerance.
APRD00345,Take without regard to meals.
APRD00241,Avoid alcohol.
APRD00241,"Do not take calcium, aluminum, magnesium or Iron supplements within 2 hours of taking this medication."
APRD00241,Take with food to increase bioavailability and reduce irritation.
APRD00597,Avoid alcohol.
APRD00597,"Avoid milk, calcium containing dairy products, iron, antacids, or aluminum salts 2 hours before or 6 hours after using antacids while on this medication."
APRD00597,"Take with a full glass of water Do not take calcium, aluminum, magnesium or Iron supplements within 2 hours of taking this medication."
EXPT01049,"Do not to take any indigestion remedies, iron or zinc supplements at the same time as this medicine."
APRD00798,"Food appears to reduce the area under the curve by 13.8%, without clinical consequence."
APRD00798,Take without regard to meals.
APRD00006,Echinacea
APRD00208,Avoid alcohol.
APRD00208,Avoid natural licorice.
APRD00208,Take with food.
APRD00237,"Following a single dose of the extended-release formulation with a high fat meal, Cmax of topiramate increased by 37% and shortened the Tmax to approximately 8 hours. AUC was not effected. According to the FDA label, Trokendi XR can be taken without regard to food."
APRD00223,Food does not affect the bioavailability of olmesartan.
DB09359,Avoid alcohol.
DB09359,Avoid excessive quantities of coffee or tea (Caffeine).
DB09359,Take with food.
APRD00105,"Herbs and food with anticoagulant/antiplatelet activity. Major interactions may occur with danshen, dong quai, evening primrose oil, gingko, policosanol, willow bark"
APRD00507,Avoid alcohol.
APRD00507,Take without regard to meals.
APRD00875,Avoid alcohol.
APRD00875,Take with food.
APRD00656,"Take with food, at beginning of each meal."
APRD00125,Avoid alcohol.
APRD00125,Avoid St.John's Wort.
APRD00125,Take with food.
APRD00614,"In the presence of food, the absorption rate is reduced, without the quantity absorbed being affected."
APRD00614,Take without regard to meals.
APRD00115,Drink liberally.
APRD00115,"Echinacea should be used with caution, if at all, in patients receiving therapeutic immunosuppressants. Monitor for reduced efficacy of the immunosuppressant during concomitant use."
APRD00115,Food reduces bioavailability.
APRD00115,Take on an empty stomach.
APRD00766,Avoid alcohol.
APRD00766,Avoid excessive quantities of coffee or tea (Caffeine).
APRD00766,"Increase dietary intake of magnesium, folate, vitamin B6, B12, and/or consider taking a multivitamin."
APRD00766,Take at the same time everyday.
APRD00766,Take with food.
DB05354,Avoid alcohol.
DB05354,Take with food.
DB05354,"To avoid constipation: increase your daily intake of fiber (beans, whole grains, vegetables)."
DB13426,"When given with a high-fat meal, the oral bioavailability, AUC, and Cmax increased. "
APRD00609,Take on an empty stomach.
APRD00127,Take with food (increases availability).
APRD00066,Avoid alcohol.
APRD00066,Do not take with milk.
APRD00066,Take with food.
APRD00252,Avoid alcohol (may increase risk of hepatotoxicity).
APRD00252,Take without regard to meals.
DB07998,Avoid fresh grapefruit and its juice during therapy as grapefruit may increase serum product levels.
DB07998,Take without regard to meals.
DB09471,Avoid alcohol.
DB09471,"Take with food, food reduces irritation."
DB09471,"To avoid constipation: increase your daily intake of fiber (beans, whole grains, vegetables)."
APRD00227,Avoid alcohol.
APRD00227,Avoid excessive quantities of coffee or tea (caffeine).
APRD00227,Avoid St.John's Wort.
APRD00227,Take with food to reduce irritation.
APRD01021,Take without regard to meals. Avoid alcohol.
APRD00109,Avoid alcohol.
APRD00109,Take with food or antacids to reduce irritation.
APRD00957,Take with food to reduce irritation.
APRD01099,Avoid alcohol.
APRD01099,Take with food to reduce gastric irritation.
APRD00485,Take without regard to meals. Avoid alcohol. Usually diluted in fruit juice.
APRD00138,Avoid alcohol.
APRD00138,Take without regard to meals.
APRD00172,Consult your doctor before taking large amounts of Vitamin K (Green leafy vegetables).
APRD00172,"Take 30-60 minutes before meals, take at the same time each day."
APRD00446,Avoid alcohol.
APRD00446,Take 30-60 minutes before meals.
APRD01206,Take without regard to meals.
APRD00630,Avoid alcohol.
APRD00630,Take without regard to meals.
APRD00473,Avoid natural licorice.
APRD00473,Take this medication 30 minutes before meals.
APRD00490,"Take after a meal (always the same meal), product bioavailability is reduced when taken on an empty stomach."
APRD00307,Alcohol increases clobazam absorption by 50%.
APRD00307,Take without regard to meals.
DB08225,Take without regard to meals.
APRD01092,Take with food.
APRD00308,Avoid alcohol.
APRD00308,Take without regard to meals.
APRD00592,Take without regard to meals.
APRD00300,Avoid alcohol.
APRD00300,Take with a full glass of water.
APRD00300,Take with food.
APRD00470,Avoid alcohol.
APRD00470,Limit caffeine intake (may reduce clozapine matabolism).
APRD00470,Take without regard to meals.
APRD01238,Avoid alcohol.
APRD01238,"Do not take calcium, aluminum, magnesium or Iron supplements within 2 hours of taking this medication."
APRD01238,Take on empty stomach: 1 hour before or 2 hours after meals.
APRD01238,Take with a full glass of water.
APRD01003,Drink liberally but avoid coffee.
APRD01003,Take without regard to meals.
APRD00106,Avoid alcohol.
APRD00106,Avoid excessive quantities of coffee or tea (Caffeine).
APRD00106,"Increase dietary intake of magnesium, folate, vitamin B6, B12, and/or consider taking a multivitamin."
APRD00106,Take at the same time everyday.
APRD00106,Take with food.
APRD00685,Take without regard to meals. Avoid alcohol.
APRD01095,Take without regard to meals. Avoid alcohol.
APRD00884,Take with food.
APRD00242,Take with food to reduce irritation.
APRD00520,Avoid natural licorice.
APRD00520,"Grapefruit down regulates post-translational expression of CYP3A4, the major metabolizing enzyme of amlodipine. Grapefruit, in all forms (e.g. whole fruit, juice and rind), can significantly increase serum levels of amlodipine and may cause toxicity. Avoid grapefruit products while on this medication. "
APRD00520,Take without regard to meals.
APRD00365,Take without regard to meals.
APRD00098,Avoid avocado.
APRD00098,Avoid bran and high fiber foods within 2 hours of taking this medication.
APRD00098,Avoid excess salt/sodium unless otherwise instructed by your physician.
APRD00098,"Avoid milk, calcium containing dairy products, iron, antacids, or aluminum salts 2 hours before or 6 hours after using antacids while on this medication."
APRD00098,Avoid salt substitutes containing potassium.
APRD00098,"Limit garlic, ginger, gingko, and horse chestnut."
APRD00612,"Grapefruit down regulates post-translational expression of CYP3A4, the major metabolizing enzyme of nimodipine. Grapefruit, in all forms (e.g. whole fruit, juice and rind), can significantly increase serum levels of nimodipine and may cause toxicity. Avoid grapefruit products while on this medication."
APRD00612,"Take at the same time each day, with or without food, but always in the same manner."
DB11897,No food effects were found when given with beclomethasone dipropionate.
APRD00417,Avoid alcohol.
APRD00417,Take without regard to meals.
APRD00700,Avoid alcohol.
APRD00700,Avoid excessive quantities of coffee or tea (Caffeine).
APRD00700,"Increase dietary intake of magnesium, folate, vitamin B6, B12, and/or consider taking a multivitamin."
APRD00700,Take at the same time everyday.
APRD00700,Take with food.
DB09441,Limit caffeine intake.
DB09441,Take without regard to meals.
APRD01004, Avoid alcohol.
APRD01004,"Take this medication with a high fat meal, fatty foods increase bioavailability."
APRD00635,"Do not take with grapefruit juice as this has been shown to interfere with nisoldipine metabolism, resulting in a mean increase in C<sub>max</sub> of about 3-fold (up to about 7-fold) and AUC of almost 2-fold (up to 5-fold)."
DB05925,Avoid alcohol.
DB05925,Avoid excessive quantities of coffee or tea (Caffeine).
DB05925,Avoid taking with grapefruit juice.
DB05925,Take with food.
APRD00574,Take with food to reduce irritation. Avoid alcohol.
APRD00316,Take without regard to meals.
APRD00156,"Take without regard to meals, however if nausea is a problem, taking the product with food may reduce its incidence."
APRD00773,Avoid alcohol.
APRD00773,Take without regard to meals.
APRD00320,Take on an empty stomach.
DB08415,Absorption is increased when taken on an empty stomach (one hour before or two hours after meals).
APRD01118,"Take without regard to meals, but always at the same time and in the same way."
APRD01234,Avoid alcohol.
APRD01234,Food increases the bioavailability of spironolactone by almost 100%. 
APRD01234,Spironolactone may decrease the excretion of potassium. Salt substitutes containing potassium increase the risk of hyperkalemia.
APRD00657,Avoid alcohol.
APRD00657,Avoid excessive quantities of coffee or tea (Caffeine).
APRD00657,Take on empty stomach: 1 hour before or 2 hours after meals.
APRD01102,Avoid alcohol.
APRD01102,Take without regard to meals.
APRD00607,"Take 30 minutes before meals, and at bedtime."
APRD00095,Avoid alcohol.
APRD00095,Should not be administered with or immediately after a meal.
APRD00600,Take without regard to meals.
APRD00624,Avoid alcohol.
APRD00624,Take with a full glass of water Avoid excessive quantities of coffee or tea (Caffeine).
APRD00624,Take with food.
APRD00033,Avoid alcohol.
APRD00033,Take with food.
APRD00666,Take with food to increase bioavailability.
DB03027,Avoid alcohol.
DB03027,Take with a full glass of water.
DB03027,Take with food.
APRD00102,Grapefruit and grapefruit juice should be avoided throughout treatment as grapefruit can significantly increase serum levels of this product.
APRD00102,Take without regard to meals.
APRD00103,"Do not take calcium, aluminium, magnesium or iron supplements within 2 hours of taking this medication."
APRD00103,Take on empty stomach: 1 hour before or 2 hours after meals.
APRD00103,Take with a full glass of water.
APRD00948,Take on an empty stomach.
APRD00948,Taking the product with a high-fat meal or a light snack reduces the maximal concentration by 44 to 46% and total exposure by 18 to 20%.
APRD00513,Take with food to reduce irritation.
APRD00361,Liberal fluid intake to increase urine output and help the excretion of uric acid.
EXPT00942,Take on an empty stomach.
APRD01077,Take on an empty stomach. Food reduces Cmax by 50 to 60%.
APRD00077,Avoid alcohol.
APRD00077,"Food reduces bioavailabilty, but this has very little clinical impact."
APRD00077,Take 30-60 minutes before meals.
EXPT02993,Absorption increased in fasting state and decreased in malabsorption states.
EXPT02993,Consistent administration in relation to meals is recommended.
EXPT02993,No iron or calium carbonate within 4 hours of taking this medication.
EXPT02993,"Oral administration with infant soybean formula, soybean flour, cotton seed meal, walnuts, foods containing large amounts of fiber, ferrous sulfate, and antacids may decrease drug absorption. "
EXPT02993,Take 30-60 minutes before breakfast.
APRD00074,Take without regard to meals. Avoid alcohol.
APRD00384,Take on empty stomach: 1 hour before or 2 hours after meals.
APRD00020,Avoid alcohol.
APRD00020,Avoid natural licorice.
APRD00020,Take without regard to meals.
DB08002,Avoid alcohol.
DB08002,Avoid excessive quantities of coffee or tea (caffeine).
DB08002,Avoid St.John's Wort.
DB08002,Do not take fibers at the same time.
DB08002,Take with food.
APRD01128,Avoid alcohol.
APRD01128,Take with food for faster absorption.
APRD01060,Take with food to reduce GI irritation
APRD00563,Take with food to reduce irritation.
APRD00571,Avoid alcohol.
APRD00571,Take without regard to meals.
APRD00434,Take without regard to meals.
APRD00530,Avoid alcohol.
APRD00530,Take with food to reduce irritation and nausea.
APRD00682,Avoid alcohol.
APRD00682,Take without regard to meals.
APRD00060,"Food does not affect maximum levels reached, but delays it (from 6 to 10 hours) and total product exposure appears to be reduced by only 10%."
APRD00060,People taking this product who drink large amounts of alcohol are exposed to a higher risk of liver toxicity.
APRD00060,Take without regard to meals.
APRD00482,Avoid alcohol.
APRD00482,Take with food to reduce irritation.
APRD01303,"When given with a fatty meal, the extent of absorption is reduced."
APRD00400,Avoid alcohol.
APRD00400,Take without regard to meals.
APRD00373,Take without regard to meals.
APRD00373,"Taking this product with a high-fat meal will delay the Cmax, but total absorption will be increased by 10 to 20%."
APRD00916,"Take on an empty stomach, food decreases the availability."
APRD01127,Take without regard to meals. Avoid alcohol.
APRD00222,Always take at the same time with respect to meals.
APRD00222,Avoid alcohol.
APRD00222,Avoid taking grapefruit or grapefruit juice throughout treatment.
APRD00222,Take with food.
APRD01117,"Take with food, at beginning of each meal. Iron needs increased."
APRD00526,"Do not take calcium, aluminum, magnesium or iron supplements, or antacids within 2 hours of taking this medication."
APRD00526,Fosinopril may decrease the excretion of potassium. Salt substitutes containing potassium may increase the risk of hyperkalemia. 
APRD00526,"Herbs that may attenuate the antihypertensive effect of fosinopril include: bayberry, blue cohash, cayenne, ephedra, ginger, ginseng (American), kola and licorice. "
APRD00526,High salt intake may attenuate the antihypertensive effect of fosinopril. 
APRD00526,Take without regard to meals.
APRD00416,Take without regard to meals.
APRD00903,Take without regard to meals.
APRD00387,Take without regard to meals. Avoid alcohol.
APRD00984,Take without regard to meals.
APRD00568,Avoid alcohol.
APRD00568,Best effect when taken with food.
APRD00568,Limit caffeine intake.
APRD00538,"Take with food to reduce irritation, limit caffeine intake. Avoid alcohol."
APRD00312,Avoid St.John's Wort.
APRD00312,Take with food.
APRD00911,Take without regard to meals.
DB04134,Take without regard to meals.
APRD00655,Take without regard to meals.
APRD00359,"Echinacea should be used with caution, if at all, in patients receiving therapeutic immunosuppressants. Monitor for reduced efficacy of the immunosuppressant during concomitant use. "
APRD01269,"Herbs that may attenuate the antihypertensive effect of trandolapril include: bayberry, blue cohash, cayenne, ephedra, ginger, ginseng (American), kola and licorice.  "
APRD01269,High salt intake may attenuate the antihypertensive effect of trandolapril. 
APRD01269,Take without regard to meals.
APRD01269,Trandolapril may decrease the excretion of potassium. Salt substitutes containing potassium may increase the risk of hyperkalemia. 
APRD01109,Take with food to reduce gastric irritation.
APRD00951,Take at least 1 hour before or 2 hours after any food.
APRD00951,Take with a glass of water.
APRD00408,Drink liberally- 2 to 3 liters/day.
APRD00408,Take with food to reduce irritation.
APRD00644,Avoid taking antacids at same time (up to 2 hours before or after antibiotic).
APRD00644,Avoid taking iron preparations at same time (up to 2 hours before or after antibiotic).
APRD00644,Take without regard to meals.
EXPT00999,Avoid excessive quantities of coffee or tea (Caffeine).
EXPT00999,"Avoid milk, calcium containing dairy products, iron, magnesium, zinc, antacids, or aluminum salts 2 hours before or 6 hours after using antacids while on this medication."
EXPT00999,Take with a full glass of water.
EXPT00999,Take without regard to meals.
APRD00602,Avoid alcohol.
APRD00602,Avoid excessive quantities of coffee or tea (caffeine).
APRD00602,Take with food to reduce irritation.
APRD00063,Benazepril may decrease the excretion of potassium. Salt um may increase the risk of hyperkalemia. substitutes containing potassi
APRD00063,Food slows absorption without decreasing the quantity absorbed.
APRD00063,"Herbs that may attenuate the antihypertensive effect of benazepril include: bayberry, blue cohash, cayenne, ephedra, ginger, ginseng (American), kola and licorice. "
APRD00063,High salt intake may attenuate the antihypertensive effect of benazepril.
APRD00063,Take without regard to meals.
APRD00142,Avoid alcohol.
APRD00142,Take with food to reduce irritation.
EXPT03204,Vitamin B1 needs increased with long term use.
APRD00380,Take with food to decrease adverse effects.
APRD00377,Take on empty stomach: 1 hour before or 2 hours after meals.
APRD00297,Take at the same time everyday.
APRD00157,"Take with food or milk, or in two divided doses 30 minutes apart to decrease nausea."
APRD01187,Take with food. Avoid alcohol.
APRD00570,Take without regard to meals.
APRD00688,Avoid alcohol.
APRD00688,Take with food.
APRD00829,Take without regard to meals.
APRD00353,Milk appears to reduce its absorption.
APRD00353,Take without regard to meals. Limit caffeine intake.
APRD00337,Avoid alcohol.
APRD00337,Avoid taking grapefruit or grapefruit juice throughout treatment.
APRD00337,Grapefruit can significantly increase serum levels of this product.
APRD00337,"Take with food, increases availability and reduces irritation."
APRD00250,Take on empty stomach: 1 hour before or 2 hours after meals.
APRD00194,Avoid alcohol.
APRD00194,Avoid natural licorice.
APRD00194,Take with food.
EXPT02427,Avoid alcohol.
EXPT02427,Take with food.
APRD00970,Avoid alcohol.
APRD00970,Take with food to reduce irritation.
APRD00319,Take without regard to meals.
DB07566,Avoid alcohol.
DB07566,Take without regard to meals.
APRD00846,Take on an empty stomach.
APRD01085,"If product causes GI problems, it can be taken during meals."
APRD01085,"May be taken without regard to meals, but preferably 1 hour before a meal."
APRD01063,Take without regard to meals. Drink liberally.
APRD00510,Enalapril decreases the excretion of potassium. Salt substitutes containing potassium increase the risk of hyperkalemia. 
APRD00510,"Herbs that may attenuate the antihypertensive effect of enalapril include: bayberry, blue cohash, cayenne, ephedra, ginger, ginseng (American), kola and licorice.  "
APRD00510,High salt intake may attenuate the antihypertensive effect of enalapril.
APRD00510,Take without regard to meals.
APRD00706,Avoid alcohol.
APRD00706,Avoid excessive quantities of coffee or tea (Caffeine).
APRD00706,Do not take Aluminum or magnesium antacids or supplements while on this medication.
APRD00706,May take Vitamin D.
APRD00706,"No iron, zinc or fluoride within 2 hours of taking this medication."
APRD00706,Take without regard to meals.
APRD00527,Avoid alcohol.
APRD00527,Take with food to reduce irritation.
APRD00474,Avoid alcohol.
APRD00474,Avoid natural licorice.
APRD00474,Take without regard to meals.
DB11514,Take without regard to meals.
APRD00318,Avoid alcohol.
APRD00318,Take with food.
EXPT00514,Avoid drastic changes in dietary habit.
EXPT00514,Avoid natural licorice.
EXPT00514,Avoid salt substitutes containing potassium.
EXPT00514,Take with food to reduce irritation.
APRD01062,Take without regard to meals.
DB08769,Take without regard to meals.
APRD01058,"When administered with a high fat meal, the bioavailability is increased 2.5 times."
APRD00627,Take with food.
APRD00454,"Grapefruit and grapefruit juice should be avoided throughout treatment, grapefruit can significantly increase serum levels of this product."
APRD00454,"Increases absorption, take 30 minutes before a meal."
APRD00468,Take with food to reduce irritation and increase bioavailability.
APRD00835,Avoid alcohol.
APRD00257,Take without regard to meals.
APRD00094,High-fat meals slow the rate of absorption.
APRD00094,Take with food to reduce irritation.
APRD00272,Avoid milk and multivalent ions.
APRD00272,Take on an empty stomach.
DB03261,"Take with food to reduce the incidence of gastric irritation. Follow with a large glass of water. A lipid rich meal will slightly reduce and delay absorption. Avoid grapefruit and grapefruit juice throughout treatment, grapefruit can significantly increase serum levels of this product."
APRD00088,Grapefruit and grapefruit juice should be avoided throughout treatment. Grapefruit can increase serum levels of this product.
APRD00088,Take without regard to meals.
APRD00633,Avoid alcohol.
APRD00633,Take with food to reduce irritation.
DB07709,Avoid excessive or chronic alcohol consumption.
DB07709,Take without regard to meals.
APRD00536,Avoid alcohol.
APRD00536,Take with food.
APRD00881,Avoid alcohol.
APRD00881,Take without regard to meals.
APRD00561,Take 30-60 minutes before breakfast.
APRD00561,Take with a full glass of water.
DB06189,"Echinacea should be used with caution, if at all, in patients receiving therapeutic immunosuppressants. Monitor for reduced efficacy of the immunosuppressant during concomitant use. "
APRD00340,Avoid alcohol.
APRD00340,Avoid taking with grapefruit juice.
APRD00340,Take with food to reduce irritation.
APRD00340,"When Rayos, the delayed-release tablet, is taken without food, Cmax and bioavailability were lower compared to the fed state. "
APRD00879,"Take with food, since it may reduce gastric irritation."
APRD00585,"Take on an empty stomach, food decreases absorption by 60%."
DB06639,Avoid caffeine containing foods and drinks.
APRD00104,Avoid alcohol.
APRD00104,Avoid drastic changes in dietary habit.
APRD00104,Avoid taking with grapefruit juice.
APRD01086,Lipid rich meals may improve absorption.
APRD01086,Take with food.
APRD01146,Take without regard to meals.
APRD00548,Take without regard to meals. Avoid alcohol.
APRD00494,Take without regard to meals.
APRD01173,Take without regard to meals. Avoid alcohol.
APRD00533,Avoid alcohol.
APRD00533,Food decreases the rate and extent of absorption. 
APRD00661,Take without regard to meals.
APRD00661,Taking the product with food reduces its C<sub>max</sub> by 42% and total drug exposure by 23% (not considered significant).
APRD00335,Avoid alcohol.
APRD00335,Avoid excessive quantities of coffee or tea (Caffeine).
APRD00335,Avoid natural licorice.
APRD00335,Avoid taking with grapefruit juice.
APRD00335,Take with food.
APRD00150,Avoid alcohol.
APRD00150,Take before breakfast.
APRD00515,Take 30 minutes before breakfast and at bedtime.
APRD00583,"Preferably on an empty stomach, rate of absorption is decreased but extenet of absorption remains the same: not really problematic."
APRD00029,Avoid alcohol.
APRD00029,Food reduces the rate of absorption.
APRD00029,Take 30 minutes before meal.
APRD00100,Take without regard to meals.
EXPT01628,Take with food.
APRD00052,"Take without regard to meals. Take at same time each day. Food delays absorption, but does not affect the extent of absorption."
APRD00341,Avoid alcohol.
APRD00341,Avoid drastic changes in dietary habit.
APRD00341,Avoid St. John's Wort.
APRD00341,Consult your doctor before ingesting large amounts of dietary Vitamin K (e.g. from green leafy vegetables).
APRD00341,"Limit garlic, ginger, gingko, and horse chestnut."
APRD00680,Grapefruit juice slows the product's absorption and significantly increases its bioavailability.
APRD01175,"Take on an empty stomach, 1 hour before or 2 hours after meals."
DB02478,Avoid excess salt/sodium unless otherwise instructed by your physician.
DB02478,Take with food to reduce irritation.
APRD01602,"Do not take calcium, aluminium, magnesium or iron supplements within 2 hours of taking this medication."
APRD01602,Take on empty stomach: 1 hour before or 2 hours after meals.
APRD00983,Avoid alcohol.
APRD00983,Take without regard to meals.
APRD01120,"Herbs that may attenuate the antihypertensive effect of moexipril include: bayberry, blue cohash, cayenne, ephedra, ginger, ginseng (American), kola and licorice. "
APRD01120,High salt intake may attenuate the antihypertensive effect of moexipril.  
APRD01120,Moexipril may decrease the excretion of potassium. Salt substitutes containing potassium may increase the risk of hyperkalemia. 
APRD01120,Take moexipril one hour before or two hours after meals. 
DB07799,Avoid alcohol.
DB07799,Avoid excess salt/sodium unless otherwise instructed by your physician.
DB07799,Increase potassium intake; add a banana or orange juice; unless instructed otherwise.
DB07799,Take with food to reduce irritation.
APRD00677,Caffeine increases absorption.
APRD00677,Take without regard to meals.
APRD00191,Do not take magnesium at the same time.
APRD00191,Take with food since it increases bioavailability and reduces irritation.
APRD00605,"Avoid alcohol, especially with the oral solution since it contains propylene glycol which competes with alcohol for alcohol dehydrogenase metabolism."
APRD00605,"Take with or without food, however avoid lipid-rich meals."
APRD00605,Vitamin E increases amprenavir bioavailability.
APRD00740,"Take with food, more than 6 hours before bedtime increase liquid intake."
DB05067,Take without regard to meals.
DB08563,Take without regard to meals.
APRD00036,Take 30 minutes after a meal (always after the same meal). Taking the drug with food minimizes plasma levels variations.
APRD00681,"Take without regard to meals. Food does not decrease the extent of absorption, but it decreases the Cmax by slowing the rate of absorption."
DB04635,Take on an empty stomach. All foods markedly reduce (up to 90%) ibandronate bioavailabilty. Take with plain water (not mineralized) at least 1 hour before any food. Bioavailability and effect on bone density are both impaired if the patient eats or drinks in less than 1 hour after taking this product. Drink a large glass of water and stay in an upright position for at least 60 minutes after taking this product.
APRD00753,Avoid alcohol.
APRD00753,Take with food to reduce gastric irritation.
DB00715,Take without regard to meals. Avoid alcohol.
APRD00679,Take without regard to meals.
APRD00781,Take without regard to meals.
APRD00810,Avoid alcohol.
APRD00810,Take with food to reduce irritation.
APRD00639,Food decreases absorption. Take on an empty stomach.
APRD00560,"Herbs that may attenuate the antihypertensive effect of lisinopril include: bayberry, blue cohash, cayenne, ephedra, ginger, ginseng (American), kola and licorice. "
APRD00560,High salt intake may attenuate the antihypertensive effect of lisinopril.
APRD00560,Lisinopril decreases the excretion of potassium. Salt substitutes containing potassium increase the risk of hyperkalemia. 
APRD00560,Take without regard to meals.
APRD00153,Avoid alcohol.
APRD00153,Dissolve under the tongue.
APRD00153,Take on empty stomach: 1 hour before or 2 hours after meals.
APRD00593,Take upto 30 minutes before meals.
APRD00363,Take without regard to meals.
APRD00354,Take with food to reduce irritation. Avoid alcohol.
APRD00145,Take on an empty stomach 1 hour before or 2 hours after meals.
DB07886,"Take with food to reduce irritation. Calcium, phosphorous, potassium, Vitamin A, C, D and zinc needs increased with long term use."
APRD00534,Take without regard to meals.
APRD00067,Avoid alcohol.
APRD00067,Food increases the peak plasma concentration of extended-release tablets with no effect on extent of absorption.
APRD00067,Food increases the time to peak concentration of regular release oral formulations by 1.4 to 3.8 hours with no effect on extent of absorption. 
APRD00067,Take with food to reduce gastric irritation.
APRD00645,"Avoid aged foods (chesse, red wine), pickled foods, cured foods (bacon/ham), chocolate, fava beans, beer, unless approved by your physician."
APRD00645,Avoid alcohol.
APRD00645,Avoid excessive quantities of coffee or tea (caffeine).
APRD00645,Avoid St. John's Wort.
APRD00518,Take without regard to meals.
APRD00572,"Avoid milk, calcium containing dairy products, iron, antacids, or aluminium salts 2 hours before or 6 hours after using antacids while on this medication."
APRD00572,Take on empty stomach: 1 hour before or 2 hours after meals.
APRD00572,Take with a full glass of water.
APRD01322,Take with a full glass of water Take after a full meal.
APRD00002,"Always take at the same moment in regard to meals, food may affect absorption unpredictably."
APRD00239,Grapefruit and grapefruit juice should be avoided throughout treatment as grapefruit can decrease serum levels of this product.
APRD01308,Take without regard to meals. Avoid alcohol.
APRD01133,Take with food to reduce irritation. Drink liberally.
APRD00099,"Avoid aged foods (cheese, red wine), pickled foods, cured foods (bacon/ham), chocolate, fava beans, beer, unless approved by your physician."
APRD00099,Avoid alcohol.
APRD00099,Avoid excessive quantities of coffee or tea (Caffeine).
APRD00099,Avoid St.John's Wort.
APRD00099,Take without regard to meals.
APRD00311,Take with food to decrease nausea.
APRD00730,Avoid alcohol.
APRD00730,Take with food.
DB05347,Increase liquid intake.
DB05347,Take without regard to meals.
DB08298,Avoid alcohol.
DB08298,Take with a full glass of water.
DB08298,Take with food.
APRD01178,"Herbs that may attenuate the antihypertensive effect of perindopril include: bayberry, blue cohash, cayenne, ephedra, ginger, ginseng (American), kola and licorice. "
APRD01178,High salt intake may attenuate the antihypertensive effect of perindopril.
APRD01178,Perindopril may decrease the excretion of potassium. Salt substitutes containing potassium may increase the risk of hyperkalemia. 
APRD01178,Take without regard to meals.
APRD00549,Avoid alcohol.
APRD00549,Avoid high doses of caffeine.
APRD00549,Take with food to reduce gastric irritation.
DB08518,May take Vitamin D.
DB08518,"Take with a full glass of water No iron, zinc or fluoride within 2 hours of taking this medication."
DB08518,Take with food.
APRD00420,"Administer on a regular basis, at about the same time each day."
APRD00420,Take without regard to meals.
APRD00113,Avoid alcohol.
APRD00113,Take this medication 30 minutes before meals.
APRD00121,Take with food to reduce irritation. Limit caffeine intake.
APRD01031,"Take without regard to meals. Magnesium, potassium and zinc needs increased."
APRD00725,Avoid alcohol.
APRD00725,Take with food.
DB08343,Take with food to reduce irritation. Avoid alcohol.
DB05564,Avoid alcohol.
APRD00529,Take without regard to meals.
APRD00210,Avoid high doses of caffeine.
APRD00210,Take without regard to meals.
EXPT00604,Drink plenty of liquids.
EXPT00604,Take with food; at least 6 hours before bedtime.
APRD00767,Avoid alcohol for up to 14 days after treatment has been stopped.
APRD00767,Take without regard to meals.
APRD00987,Food decreases Cmax slightly.
APRD00987,Take without regard to meals.
DB07699,Avoid alcohol.
DB07699,Avoid excessive quantities of coffee or tea (caffeine).
DB07699,Avoid taking with grapefruit or grapefruit juice as grapefruit can significantly increase serum levels of this product.
DB07699,Take with food.
APRD00243,"Preferably on an empty stomach, not really problematic."
APRD00832,Avoid alcohol.
APRD00832,Take with food.
APRD00275,Take without regard to meals. Increase liquid intake.
APRD01152,Avoid alcohol.
APRD01152,Avoid excessive quantities of coffee or tea (Caffeine).
APRD01152,Take with food.
APRD00039,Avoid alcohol.
APRD00039,Take without regard to meals.
APRD00896,Avoid administration of delayed release cysteamine less than 30 minutes before and within 2 hours after ingesting food due to decreased bioavailability of cysteamine.
APRD01067,Take on an empty stomach.
APRD00429,Avoid alcohol.
APRD00429,"Do not take calcium, aluminum, magnesium or Iron supplements within 2 hours of taking this medication."
APRD00429,Take with food.
APRD00634,Take without regard to meals.
APRD00764,Take without regard to meals. Avoid alcohol.
APRD01171,Drink liberally.
APRD01171,"Food reduces availability, take on an empty stomach."
APRD00197,Avoid alcohol. Avoid caffeine.
APRD00197,Take with food to reduce gastric irritation.
DB06895,Avoid alcohol.
DB06895,Food slightly delays rate of absorption with no effect on extent of absorption. 
DB06895,Take with food to reduce gastric irritation.
APRD00254,Avoid alcohol.
APRD00254,Avoid excessive quantities of coffee or tea (Caffeine).
APRD00254,"Avoid milk, calcium containing dairy products, iron, antacids, or aluminum salts 2 hours before or 6 hours after using antacids while on this medication."
APRD00254,Take without regard to meals.
EXPT01437,"Food, especially food with a high-fat content, decreases the rate and extent of absorption."
EXPT01437,The time of the meal affects tacrolimus bioavailability. Take tacrolimus capsules consistently everyday either with or without food. 
APRD00629,Take without regard to meals.
APRD01005,Take with a full glass of water.
APRD01005,Take without regard to meals.
APRD00388,Avoid alcohol.
APRD00388,Take with food to reduce irritation.
APRD00950,Take without regard to meals.
APRD00226,Take without regard to meals.
APRD00523,Do not take with a high-fat meal.
APRD00523,"Herbs that may attenuate the antihypertensive effect of quinapril include: bayberry, blue cohash, cayenne, ephedra, ginger, ginseng (American), kola and licorice. "
APRD00523,High salt intake may attenuate the antihypertensive effect of quinapril.
APRD00523,Quinapril may decrease the excretion of potassium. Salt substitutes containing potassium may increase the risk of hyperkalemia. 
APRD00880,Take without regard to meals.
APRD00455,Take without regard to meals. Absorption is faster on an empty stomach.
APRD00294,Take with food to reduce irritation.
APRD01002,Take without regard to meals.
DB02392,Avoid alcohol.
DB02392,Take on empty stomach: 1 hour before or 2 hours after meals.
APRD00251,Take with food to reduce irritation.
APRD00481,Take without regard to meals.
APRD00136,Preferably take on an ampty stomach.
APRD00439,Take up to 30 minutes before meals.
APRD00439,"When taken with a high-fat meal, AUC and Cmax decreases."
APRD00741,Take without regard to meals.
APRD00787,Avoid alcohol.
APRD00787,Take without regard to meals.
APRD00631,Avoid alcohol.
APRD00631,Take with food to reduce irritation.
APRD00169,Take without regard to meals.
APRD00169,The absorption is unaffected by food.
APRD01061,Take without regard to meals.
APRD00213,Avoid alcohol.
APRD00213,Take with food to reduce irritation.
APRD00966,Avoid alcohol completely up to 2 months after discontinuation.
APRD00966,"Increases absorption, take with food."
APRD00296,Avoid alcohol.
APRD00296,Limit caffeine intake.
APRD00296,"Take without regard to meals, food may slightly increase the product's bioavailability."
DB05379,Take with food to decrease the incidence of diarrhea.
APRD00883,Drink liberally.
APRD00883,Take with a meal.
APRD00610,Take with food to reduce irritation.
APRD00747,Take without regard to meals. Limit caffeine intake.
APRD00919,Take without regard to meals.
APRD00562,"Do not take calcium, aluminium, magnesium or iron supplements within 2 hours of taking this medication."
APRD00562,Take on empty stomach: 1 hour before or 2 hours after meals.
EXPT00475,"Avoid alcohol, alcohol appears to cause a 50 to 100% increases in ASA serum levels."
EXPT00475,Take with a full glass of water.
EXPT00475,Take with food to reduce gastric irritation.
APRD00505,Taking it after a meal may reduce the incidence of adverse effects.
APRD00349,Grapefruit and grapefruit juice should be avoided throughout treatment as grapefruit can significantly decrease serum levels of this product.
APRD00349,Take without regard to meals.
EXPT01940,"Avoid aged foods (cheese, red wine), pickled foods, cured foods (bacon/ham), chocolate, fava beans, beer, unless approved by your physician."
EXPT01940,Avoid alcohol.
EXPT01940,"Do not take calcium, aluminum, magnesium or Iron supplements within 2 hours of taking this medication."
EXPT01940,"Increase dietary intake of magnesium, folate, vitamin B6, B12, and/or consider taking a multivitamin."
EXPT01940,Take on empty stomach: 1 hour before or 2 hours after meals.
EXPT01940,Take with a full glass of water.
APRD00220,Take without regard to meals.
DB09475,Avoid alcohol.
DB09475,Take with food.
DB09475,"To avoid constipation: increase your daily intake of fiber (beans, whole grains, vegetables)."
APRD00569,Avoid alcohol.
APRD00569,Avoid excessive quantities of coffee or tea (Caffeine).
APRD00569,"Increase dietary intake of magnesium, folate, vitamin B6, B12, and/or consider taking a multivitamin."
APRD00569,Take at the same time everyday.
APRD00569,Take with food.
APRD00466,Avoid echinacea as it may decrease effectiveness of immunosuppresants like carboplatin
APRD00678,"Magnesium, potassium and zinc needs increased."
APRD00678,Take without regard to meals. Avoid alcohol.
APRD00324,Take without regard to meals.
APRD01106,Avoid alcohol.
APRD01106,Avoid natural licorice.
APRD01106,"Increase dietary intake of magnesium, folate, vitamin B6, B12, and/or consider taking a multivitamin."
APRD01106,May take Vitamin D.
APRD01106,"No iron, zinc or fluoride within 2 hours of taking this medication."
APRD01106,Take without regard to meals.
APRD00580,Absorption is decreased by about 25% when taken with meals.
APRD00580,Take without regard to meals.
APRD00619,Take without regard to meals.
APRD00360,Coffee and tea can decrease the effect of dipyridamole.
APRD00360,Take with food to reduce irritation.
APRD00483,Take without regard to meals.
APRD01213,Avoid alcohol.
APRD01213,Do not take with or immediately after a high-fat meal.
APRD00140,Avoid alcohol.
APRD00140,Take with a full glass of water Do not take supplements containing Vitamin A.
APRD00140,Take with high-fat meal to increase absorption.
APRD00924,Avoid alcohol.
APRD00924,Take with food.
DB06583,Take without regard to meals.
APRD00144,High-fat meals increase plasma exemestane concentrations by approximately 40%.
APRD00030,"Take with food, usually once a day after breakfast. Food decreases the rate of absorption but not the amount absorbed. Avoid alcohol."
APRD00811,Take with food to reduce irritation.
APRD00808,Take with food to reduce irritation.
APRD00015,Avoid alcohol.
APRD00015,Take without regard to meals.
DB05847,Liberal fluid intake to increase urine output and help the excretion of uric acid.
APRD00270,Food does not affect amount of absorption but delays maximal levels by about 1 hour.
APRD00270,Take without regard to meals.
APRD00092,Avoid alcohol.
APRD00092,Avoid excess salt/sodium unless otherwise instructed by your physician.
APRD00092,Avoid natural licorice.
APRD00092,"Do not take calcium, aluminum, magnesium or Iron supplements within 2 hours of taking this medication."
APRD00092,Increase potassium intake; add a banana or orange juice; unless instructed otherwise.
APRD00092,Take with food.
EXPT01540,"Take with food, food increases bioavailability."
APRD00023,Take without regard to meals. Drink liberally.
APRD01066,Take without regard to meals. Food slows absorption without decreasing the quantity absorbed.
APRD00664,Drink liberally.
APRD00664,Take without regard to meals.
DB05335,Avoid alcohol.
DB05335,Food prolongs rate of absorption and decreases peak plasma concentration. Extent of absorption is not affected. 
DB05335,Take with food to reduce gastric irritation.
APRD00872,Food markedly increases product bioavailability.
APRD00872,Peak levels and area under curve (drug exposure) are increased (82% and 68% respectively) when product is taken with a lipid-rich meal.
APRD00872,Take with food or soon after a meal.
APRD00076,"Do not take calcium, aluminium, magnesium or iron supplements within 2 hours of taking this medication."
APRD00076,Take on empty stomach: 1 hour before or 2 hours after meals.
APRD00076,Take with a full glass of water.
APRD00233,Avoid alcohol.
APRD00233,Take 30-60 minutes before breakfast.
APRD00547,Calcium and iron needs increased with long term use.
APRD00547,Do not take Aluminum or magnesium antacids or supplements while on this medication.
APRD00547,Take with food.
APRD00051,Take on empty stomach: 1 hour before or 2 hours after meals to avoid nausea.
APRD00528,Take without regard to meals.
APRD00374,"Grapefruit down regulates post-translational expression of CYP3A4, the major metabolizing enzyme of nifedipine. Grapefruit, in all forms (e.g. whole fruit, juice and rind), can significantly increase serum levels of nifedipine and may cause toxicity. Avoid grapefruit products while on this medication. "
APRD00374,Take without regard to meals.
APRD00401,Avoid alcohol.
APRD00401,"Avoid milk, calcium containing dairy products, iron, antacids, or aluminum salts 2 hours before or 6 hours after using antacids while on this medication."
APRD00401,Take with food.
APRD00413,Take without regard to meals.
APRD00167,"Increase liquid intake, avoid alcohol."
APRD00167,Take with food to reduce irritation.
APRD01096,"Preferably on an empty stomach, drink plenty of liquids, avoid alcohol."
APRD00509,Avoid alcohol.
APRD00509,Take with food to reduce irritation.
APRD00146,Take with food.
APRD00525,Food increases the oral bioavailability by 3-5 fold.
DB09545,Increased absorption- take with meals.
APRD00118,Take on an empty stomach. Food decreases bioavailabilty by approximately 30%. Increase liquid intake.
APRD00221,Take without regard to meals.
APRD00996,"Absorption does not seem to be affected by milk or calcium carbonate, however, gatifloxacin bioavailability appears significantly reduced when combined with Ensure&trade; (C<sub>max</sub> is reduced by about 50% while total drug exposure (AUC) is reduced by about 25%)."
APRD00996,Drink liberally.
APRD00996,Take without regard to meals.
EXPT02777,Avoid alcohol.
EXPT02777,Take on empty stomach: 1 hour before or 2 hours after meals.
EXPT02777,Take with a full glass of water.
APRD00216,Abacavir is partly metabolised through the alcohol-dehydrogenase enzyme system.
APRD00216,Alcohol significantly increases abacavir's area under the curve (about 41%).
APRD00216,Avoid alcohol.
APRD00216,Take without regard to meals.
APRD00372,Avoid alcohol
APRD00372,Food delays the time to reach peak plasma concentrations by 30-60 minutes and reduces peak plasma concentrations by 30-50%. Extent of absorption is unaffected.
APRD00372,Take with food to reduce gastric irritation.
EXPT02728,Grapefruit and grapefruit juice should be avoided throughout treatment. Grapefruit can increase serum levels of this product.
EXPT02728,Take with food.
APRD00469,Avoid high doses of caffeine.
APRD00469,Take on an empty stomach. Drink liberally.
APRD00248,Take without regard to meals.
APRD00427,Avoid alcohol.
APRD00427,Take with food.
APRD00850,"Antacids may reduce the serum concentration of cefditoren. Consider alternative methods to minimize/control acid reflux. If use of antacids cannot be avoided, separate administration by at least several hours to reduce chance of interaction"
APRD00436,Avoid alcohol.
APRD00436,Avoid sugar and sugary food.
APRD00436,Take 30-60 minutes before breakfast.
APRD00054,Avoid alcohol.
APRD00054,Avoid excessive quantities of coffee or tea (Caffeine).
APRD00054,Take without regard to meals.
APRD00601,Take with food to reduce irritation. Avoid alcohol.
APRD00804,Administration with food reduces pharmacokinetic variability.
APRD00804,Food increases product absorption.
APRD00594,Food slightly increases product bioavailability.
APRD00594,Take without regard to meals.
DB06975,Avoid alcohol.
DB06975,Take with food.
APRD00055,Avoid alcohol.
APRD00055,Avoid drastic changes in dietary habit.
APRD00055,Avoid taking grapefruit or grapefruit juice throughout treatment. Grapefruit can significantly increase serum levels of this product.
APRD00055,"Food may decrease maximum plasma levels and area under the curve, but this is clinically inconsequential according to the manufacturer."
APRD00055,Take with low fat meal.
APRD00964,"Avoid aluminium, calcium, iron and magnesium within 2 hours of taking medication. "
APRD00964,Take on an empty stomach with a full glass of water. 
APRD00096,"Take before a meal, to increase absorption, take 30 minutes before a meal."
APRD00366,Avoid alcohol.
APRD00366,Take with food.
APRD00255,"Take with meals, or upto 1 hour after a meal. If patient misses a meal, or has a fat-free meal, he/she may skip the corresponding dose."
APRD00604,Take with food to decrease dyspepsia.
APRD00346,"May be taken with or without food, but should be taken consistently."
APRD00346,"When given with an evening meal, Cmax and AUC decreased while Tmax increased 2-fold"
APRD00205,Take without regard to meals.
APRD00218,Grapefruit and grapefruit juice should be avoided throughout treatment. Grapefruit can increase serum levels of this product.
APRD00218,Take without regard to meals.
APRD00203,"Take 12 hours apart, within 30 minutes of the end of breakfast and dinner to reduce nausea."
DB08567,Avoid alcohol.
DB08567,Avoid St.John's Wort.
DB08567,Avoid taking with grapefruit juice.
DB08567,Take with food.
APRD00734,Take without regard to meals.
APRD00056,"Adequate calcium intake is recommended, needs increased with long term use, supplement recommended."
APRD00056,"Many herbs with anticoagulant properties (e.g. ginger, garlic, ginseng, green tea, evening primrose) may increase the risk of bleeding in patients on anticoagulant therapy such as heparin"
APRD00285,Take with food to increase absorption.
DB09440,Avoid alcohol.
DB09440,Take with food.
APRD00590,Avoid alcohol.
APRD00590,Avoid natural licorice.
APRD00590,"Grapefruit down-regulates post-translational expression of CYP3A4, the major metabolizing enzyme of nifedipine. Grapefruit, in all forms (e.g. whole fruit, juice and rind), can significantly increase serum levels of nifedipine and may cause toxicity. Avoid grapefruit products while on this medication. "
APRD00590,Take with low fat meal.
APRD00805,Fatty foods increase absorption.
APRD00805,"Take with food, bioavailability is increased 2 to 3 fold."
APRD00288,Grapefruit and grapefruit juice should be avoided throughout treatment.
APRD00288,Grapefruit can significantly increase serum levels of this product.
APRD00288,Take without regard to meals.
APRD00460,Avoid alcohol.
APRD00460,Take without regard to meals. A consistent diet is recommended to reduce the risk of hypoglycemia.
APRD00089,May be taken with food if stomach upset occurs.
APRD00385,Take without regard to meals.
DB06284,"Take without regard to meals, at the same time everyday."
APRD01212,Take without regard to meals.
APRD01212,Take without regard to meals. Food may slow absorption rate but extent of absorption is not affected.
APRD00188,Take with food.
APRD00653,Take without regard to meals. Food slightly delays absorption rate but extent of absorption is not affected.
APRD01259,Do not take aluminum or magnesium-containing antacids within 2 hours of taking tiludronate. 
APRD01259,Take on an empty stomach (at least 2 hours before or after meals) with a full glass of plain water. Other beverages may reduce drug absorption. 
APRD00091,"Take with food, food slows the absorption rate and reduces the incidence of adverse effects (extent of absorption is not affected)."
DB06085,"Take without regard to meals. Take with water, drink lliberally. Taking this product with orange juice can result in reduced quinolone plasma levels. "
APRD00196,Food may reduce the digestive problems that sometimes occur.
APRD00196,Take without regard to meals.
APRD00398,Avoid alcohol.
APRD00398,Avoid excessive quantities of coffee or tea (caffeine).
APRD00398,Avoid St.John's Wort.
APRD00398,Take with food to reduce irritation.
EXPT01068,Take on an empty stomach.
APRD00972,Food may reduce irritation.
APRD00972,Take without regard to meals.
APRD00402,Avoid alcohol.
APRD00402,Avoid avocado.
APRD00402,"Limit garlic, ginger, gingko, and horse chestnut."
APRD00402,Take this medication either consistently with or without food as instructed by your doctor.
APRD00461,Take without regard to meals.
DB07682,Avoid alcohol.
DB07682,"Take with food to reduce irritation, limit caffeine intake."
APRD00053,Take without regard to meals.
APRD00621,Avoid alcohol.
APRD00621,Avoid St.John's Wort.
APRD00621,Take without regard to meals.
APRD00502,Avoid high doses of caffeine.
APRD00502,Take without regard to meals.
APRD00155,"Grapefruit and grapefruit juice should be avoided throughout treatment, grapefruit can significantly increase serum levels of this product."
APRD00155,"Take on an empty stomach, a lipid rich meal will increase absorption."
APRD00040,"Avoid milk, calcium containing dairy products, iron, antacids, or aluminum salts 2 hours before or 6 hours after using antacids while on this medication."
APRD00040,Avoid taking with grapefruit juice.
APRD00040,Take after a full meal.
APRD00040,Take with food.
APRD01007,Take without regard to meals.
APRD00603,Food slows absorption a little. Avoid alcohol. Take after meals in order to minimize the risk of interaction with tyramine.
APRD00097,Take without regard to meals. Avoid alcohol.
APRD00184,Avoid alcohol.
APRD00184,Avoid excessive quantities of coffee or tea (Caffeine).
APRD00184,"Increase dietary intake of magnesium, folate, vitamin B6, B12, and/or consider taking a multivitamin."
APRD00184,Take on an empty stomach for quicker absorption
APRD00683,Take without regard to meals.
APRD00061,Avoid alcohol.
APRD00061,Food may reduce irritation.
APRD00061,Take without regard to meals.
APRD00261,Always take at the same time in regard to meals.
APRD00261,Grapefruit and grapefruit juice should be avoided throughout treatment. Grapefruit can increase serum levels of this product.
APRD00418,Take 15 to 30 minutes before meals.
APRD00981,Take with food.
APRD00663,Take with food to reduce gastric irritation and nausea
APRD00566,Take with food.
APRD00648,Take with meals.
APRD00772,Take without regard to meals; absorption rate and maximal concentration are slightly reduced but the extent of absorption is not affected.
APRD00129,Take without regard to meals.
APRD00625,Do not take with milk or milk products.
APRD00625,Take on an empty stomach.
APRD00164,Captopril decreases the excretion of potassium. Salt substitutes containing potassium increase the risk of hyperkalemia. 
APRD00164,Food decreases absorption by 25 - 40%. Clinical significance is debatable. 
APRD00164,"Herbs that may attenuate the antihypertensive effect of captopril include: bayberry, blue cohash, cayenne, ephedra, ginger, ginseng (American), kola and licorice. "
APRD00164,High salt intake may attenuate the antihypertensive effect of captopril. 
APRD00622,Avoid alcohol.
APRD00622,Take with food to reduce irritation.
APRD01068,Take without regard to meals. Food does not affect bioavailabilty.
APRD00301,Avoid alcohol.
APRD00301,Avoid natural licorice.
APRD00301,"Magnesium, potassium and zinc needs increased."
APRD00301,Take without regard to meals.
APRD00181,Biaxin - take without regard to meals (however absorption appears to be improved when drug is taken with food).
APRD00181,"Biaxin XL - take with a meal, taking it on an empty stomach is associated with total product exposure 30% inferior to that observed when administered with food."
APRD00955,Avoid alcohol.
APRD00955,Take without regard to meals.
DB07774,Take without regard to meals.
APRD00016,"Food decreases the rate of absorption, but the extent of absorption is not affected."
APRD00419,"Take on an empty stomach, bioavailability is 6 times higher when drug is taken with high fat meals. Risks of cardiac toxicity are then increased."
APRD00901,Take without regard to meals.
APRD00442,"A mean delay in time to peak concentration of 2.5 hours is observed with the intake of a high-fat meal, with no significant differences in AUC."
APRD00329,Limit caffeine intake.
APRD00329,Take with food.
APRD00329,"Vitamin B6 needs increased, supplement recommended."
APRD00675,Avoid alcohol.
APRD00675,Take without regard to meals.
APRD00068,"Avoid danshen, dong quai, evening primrose oil, gingko, policosanol, willow bark"
DB05526,Avoid echinacea.
DB05526,Avoid grapefruit and grapefruit juice due to potential increase of paclitaxel. 
APRD01169,Avoid high doses of caffeine.
APRD01169,Take without regard to meals. Avoid alcohol.
APRD00623,Take after a full meal.
APRD00665,"Food reduces availability, take 30 minutes before meals. Avoid alcohol."
APRD00674,Avoid alcohol.
APRD00674,Avoid taking with grapefruit juice.
APRD00674,Take with food to reduce irritation.
APRD00638,Avoid alcohol (possible additive effect to CNS).
APRD00638,Food has no significant effect on absorption.
APRD00638,Take without regard to meals.
APRD00718,Avoid alcohol.
APRD00718,Take with food to reduce irritation.
APRD00293,Take 30 minutes before meals.
DB07600,Avoid alcohol.
DB07600,"Grapefruit and grapefruit juice should be avoided throughout treatment, grapefruit can modify serum levels of clomipramine and its metabolite desmethyl-clomipramine."
DB07600,Take with food to reduce irritation.
APRD00727,Alcohol may further decrease blood pressure and increase dizziness and drowsiness
APRD00727,Take with food to reduce nausea.
APRD00701,"Take without regard to meals, avoid tyramine, caffeine and alcohol."
DB07214,Can be administered without regard to food
EXPT00002,Take with food - better absorption (+30%). 
DB01265,Take without regard to meals.
DB01267,Avoid alcohol.
DB01270,No food effects found.
DB01283,Take with or without food. Food has no effect on the absorption of the product.
DB01288,Take without regard to meals.
DB01297,Avoid alcohol.
DB01297,Avoid natural licorice.
DB01303,Avoid high doses of caffeine.
DB01303,Take with food to reduce irritation.
DB01319,"Avoid alcohol, especially with the oral solution since it contains propylene glycol which competes with alcohol for alcohol dehydrogenase metabolism."
DB01319,"Take with or without food, however avoid lipid-rich meals."
DB01319,Vitamin E increases fosamprenavir bioavailability.
DB01320,Avoid alcohol.
DB01320,"Do not take calcium, aluminum, magnesium or Iron supplements within 2 hours of taking this medication."
DB01320,Take with food.
DB01325,Take with food to increase bioavailability.
DB01330,Avoid alcohol as it can cause a disulfiram effect.
DB01340,Food decreases cilazapril absorption with no significant clinical impact.
DB01340,Take without regard to meals.
DB06658,"Avoid calcium, magnesium and potassium."
DB06658,Take on an empty stomach.
DB01348,Avoid alcohol.
DB01348,"Do not take calcium, aluminum, magnesium or iron supplements within 2 hours of taking this medication."
DB01348,"Herbs that may attenuate the antihypertensive effect of spirapril include: bayberry, blue cohash, cayenne, ephedra, ginger, ginseng (American), kola and licorice. "
DB01348,High salt intake may attenuate the antihypertensive effect of spirapril.
DB01348,Spirapril may decrease the excretion of potassium. Salt substitutes containing potassium may increase the risk of hyperkalemia. 
DB01356,Avoid alcohol.
DB01356,Avoid excessive quantities of coffee or tea (Caffeine).
DB01356,Avoid iodine supplements.
DB01356,Do not change your salt intake from day to day without telling your doctor.
DB01356,Take with food to reduce irritation. Drink plenty of liquids.
EXPT02758,Avoid alcohol and caffeine.
DB01394,Avoid alcohol since it increases uric acid levels.
DB01394,Drink liberally.
DB01394,Take without regard to meals.
DB01395,"Food reduces the rate of absorption, but not the extent of absorption. "
DB01396,Avoid avocado.
DB01396,Avoid bran and high fiber foods within 2 hours of taking this medication.
DB01396,Avoid excess salt/sodium unless otherwise instructed by your physician.
DB01396,"Avoid milk, calcium containing dairy products, iron, antacids, or aluminum salts 2 hours before or 6 hours after using antacids while on this medication."
DB01396,Avoid salt substitutes containing potassium.
DB01396,"Limit garlic, ginger, gingko, and horse chestnut."
DB01403,Take with food to reduce irritation.
DB01406,Take without regard to meals.
DB01416,Take on empty stomach: 1 hour before or 2 hours after meals.
DB01418,"High doses of vitamin A, C, E and K (e.g. avocado, green vegetables)"
DB01421,Take with food.
DB01432,"Take with food, do not mix with soft drinks."
DB01437,Avoid alcohol.
DB01437,Take without regard to meals.
DB01438,Take with food to reduce irritation.
DB01452,Avoid alcohol
DB01452,"To avoid constipation: increase your daily intake of fiber (beans, whole grains, vegetables)."
DB01495,Avoid alcohol.
DB01501,Ethanol use may increase CNS depression. 
DB01544,Avoid alcohol.
DB01544,Avoid excessive quantities of coffee or tea (Caffeine).
DB01544,Avoid taking with grapefruit juice.
DB01544,Take with food.
DB01551,Alcohol may enhance CNS depressant effects
DB01553,Alcohol used in combination may enhance sedation or cause potentially fatal respiratory/cardiovascular depression.
DB01567,Avoid alcohol.
DB01567,Avoid excessive quantities of coffee or tea (Caffeine).
DB01567,Avoid taking with grapefruit juice.
DB01580,Avoid alcohol.
DB01580,Avoid natural licorice.
DB01580,Take without regard to meals.
DB01581,"Do not take calcium, aluminium, magnesium or iron supplements within 2 hours of taking this medication."
DB01582,"Do not take calcium, aluminium, magnesium or iron supplements within 2 hours of taking this medication."
DB01583,Absorption increased in fasting state and decreased in malabsorption states.
DB01583,Consistent administration in relation to meals is recommended.
DB01583,Iron and calcium may interfere with absorption. Space doses at least one hour before or after iron or calcium intake. 
DB01583,"Oral administration with infant soybean formula, soybean flour, cotton seed meal, walnuts, foods containing large amounts of fiber, ferrous sulfate, and antacids may decrease drug absorption. "
DB01583,Take 30-60 minutes before breakfast.
DB01587,Avoid alcohol
DB01587,Avoid excessive quantities of coffee or tea (caffeine).
DB01587,Avoid taking with grapefruit or grapefruit juice as grapefruit can significantly increase serum levels of this product.
DB01587,Take with food.
DB01588,Avoid alcohol.
DB01588,Avoid excessive quantities of coffee or tea (Caffeine).
DB01588,Avoid taking with grapefruit juice.
DB01588,Take with food.
DB01594,Avoid alcohol.
DB01594,Avoid excessive quantities of coffee or tea (Caffeine).
DB01594,Take with food.
DB01595,Avoid alcohol.
DB01595,Avoid excessive quantities of coffee or tea (Caffeine).
DB01595,Take with food.
DB01599,Take with food. Food increases availability.
DB01600,Avoid alcohol.
DB01600,Take with food.
EXPT00388,Avoid St.John's Wort.
EXPT00388,Take with food.
DB01604,Take without regard to meals.
DB01605,Take without regard to meals.
DB01608,Take with food to reduce irritation. Avoid alcohol.
DB01609,"Dispersion in carbonated drinks or milk is not recommended due to foaming and slow dispersion, respectively."
DB01609,Food causes inconsistent increases in the bioavailability of this product.
DB01609,"Tablets should be completely dispersed in water, orange juice or apple juice and the resulting suspension should be ingested immediately (after swallowing the suspension, any residue should be resuspended in a small volume of liquid and swallowed)."
DB01609,"Tablets should be taken on an empty stomach at least 30 minutes before a meal, preferably at the same time everyday."
DB01613,Avoid alcohol.
DB01613,Take on empty stomach: 1 hour before or 2 hours after meals.
DB01614,Avoid alcohol
DB01614,Take with food to reduce irritation
DB01619,Avoid alcohol.
DB01619,Take with food to reduce irritation.
DB01621,Avoid alcohol
DB01621,Take with food to decrease irritation
DB01622,Avoid alcohol
DB01622,Take with food to avoid irritation
DB01623,Avoid alcohol
DB01626,Food increases the oral bioavailability by 3-5 fold.
DB01627,"Take on an empty stomach, food decreases absorption."
DB07166,Take without regard to meals.
EXPT02902,Oral administration with a high-fat meal resulted in an increase (33%) in the extent of absorption and a modest decrease in the rate of absorption (T<sub>max</sub> delayed 2.5 hours) compared to the fasted state.
EXPT01507,Take with food to reduce irritation.
EXPT02440,Take with food to reduce irritation.
DB04571,"avoid eating limes, figs, parsley, parsnips, mustard, carrots, and celery while you are being treated with trioxsalen"
DB04574,Take with food to decrease nausea
DB04576,Avoid excessive coffee or tea (caffeine)
DB04576,"Avoid milk, calcium containing dairy products, iron, magnesium, zinc, antacids, or aluminum salts 2 hours before or 6 hours after using antacids while on this medication."
DB04576,Take with a full glass of water
DB04576,Take without regard to meals
DB04836,Avoid alcohol.
DB04836,Avoid excessive quantities of coffee or tea (Caffeine).
DB04836,Avoid St.John's Wort.
DB04836,Take with food to reduce irritation.
DB04837,Avoid alcohol.
DB04837,Take without regard to meals.
DB04838,Take with food to reduce irritation.
DB04839,Avoid alcohol.
DB04839,Take after a meal.
DB04840,Take without regard to meals.
DB04841,Avoid alcohol.
DB04841,Take without regard to meals.
DB04842,Avoid alcohol.
DB04855,Absorption of dronedarone increases 3-fold if taken with food especially if meal is high in fat content 
DB04855,Do not take dronedarone with grapefruit juice. Grapefruit juice is a potent CYP3A4 inhibitor which will increase serum concentrations of dronedarone threefold
DB04865,"Homoharringtonine is administered subcutaneously, so food should have no effects. "
DB04871,Administration with or without food has no effect.
DB04920,Grapefruit Juice 
DB04938,"In general, food increased the bioavailability of ospemifene by approximately 2-3 fold."
DB04941,Crofelemer is not affected by food.
DB04946," Administration of iloperidone with a standard high-fat meal did not significantly affect the Cmax or AUC of iloperidone, P88, or P95, but delayed Tmax by 1 hour for iloperidone, 2 hours for P88 and 6 hours for P95. "
DB04946,Can be taken with or without meals
DB04953,"With a high-fat meal, Cmax is moderately increased. "
DB05013,No food effects found.
DB05246,Avoid alcohol
DB05246,Take with food
DB05271,"Because rotigotine is administered transdermally, food should not affect absorption, and the product may be administered without regard to the timing of meals."
DB05521,St. John's wort is a CYP3A4 inducer which will decrease levels of telaprevir.
DB05528,Limit alcohol to a daily maximum of 1 drink (or equivalent) while using mipomersen sodium.
DB05812,Food and high fat meals increases the drug exposure 4.4-fold. It is suggested that abiraterone is taken on an empty stomach. 
DB06152,Take without regard to meals.
DB06153,Take without regard to meals.
DB06154,"Take without regard to meals, taking it with food will dealy the onset on action."
DB06168,No food effects were found.
DB06176,Avoid grapefruit juice.
DB06201,Food increases plasma concentrations of rufinamide and slightly decreases half-life (by 3%) 
DB06204,"Food increases the AUC and Cmax of tapentadol. Despite this, tapentadol can be given without regards to food."
DB06207,"The effect of a moderate fat, moderate calorie meal was variable and decreased silodosin Cmax by approximately 18 − 43% and AUC by 4 − 49%"
DB06209,"Despite being a CYP3A4 inducer, grapefruit juice does not affect the pharmacokinetics of prasugrel"
DB06216,Avoid water and food for at least 10 minutes post administration of asenapine 
DB08477,Food should be taken with the 15 mg and 20 mg tablet. Food increases the bioavailability of the 20 mg dose.
DB08477,"Foods with antiplatelet/anticoagulants properties such as horseradish, gingko, ginger, garlic, feverfew"
DB08477,St. John's Wort is a CYP3A4 inducer and will decrease levels of rivaroxaban
DB06237,"When taken with a high-fat meal, time to maximum plasma concentration is prolonged- Tmax = 1 hour 20 minutes"
DB06268,Take without regard to meals
DB06290,Simeprevir should be taken with food.
DB06335,Administration with a high-fat meal resulted in an increase in Tmax of saxagliptin by approximately 20 minutes as compared to fasted conditions. There was a 27% increase in the AUC of saxagliptin when given with a meal as compared to fasted conditions.
DB06589,Avoid drinking grapefruit juice as it is a CYP 3A4 inhibitor and will increase exposure of pazopanib
DB06589,Bioavailability increases with food. Take pazopanib on empty stomach. 
DB07828,"Alfalfa, Anise, Bilberry may increase the adverse effects of apixaban."
DB07828,Grapefruit juice may increase apixaban serum concentration.
DB07828,St. John's wort will likely decrease apixaban serum concentration. Avoid combination if possible.
DB06616,"When given with a high fat meal, the Cmax and AUC of bosutinib increased 1.8- and 1.7-fold, respectively."
DB06626,"Avoid combination with strong CYP3A4 inhibitors such as grapefruit juice due to the likely increased levels of axitinib. If the combination cannot be avoided, reduce axitinib dose by 50%."
DB06626,Axitinib can be taken with or without food.
DB06637,A high fat meal significantly increases Cmax but this effect is not clinically relevant. May take dalfampridine without regard to meals 
DB06663,"Since Signifor® is administered subcutaneously, food has no effect."
DB06674,"Since golimumab is administered by subcutaneous injection, there are no food effects."
DB06684,Caution taking vilazodone with foods/herbal product with antiplatelet/anticoagulant properties
DB06684,"Gingko bilboa, ginger, garlic, green tea, licorice, horseradish"
DB06691,Avoid alcohol
DB06691,Take with food
DB06693,avoid alcohol 
DB06693,Grape fruit juice increases blood levels of the drug
DB06695,St. John's Wort
DB06697,Grapefruit juice may increase the toxicity of artemether and lumefantrine by inhibiting their metabolism.
DB06697,Take with food as food increases the absorption of artemether and lumefantrine. 
DB06698,Take with food.
DB06700,Take without regard to meals.
DB06701,Avoid alcohol
DB06701,Avoid excessive quantities of coffee or tea (caffeine)
DB06701,Take on empty stomach: 1 hour before or 2 hours after meals
DB06702,Take with or without food.
DB06703,Not affected by food.
DB06708,Grapefruit juice may increase the toxicity of artemether and lumefantrine by inhibiting their metabolism.
DB06708,Take with food as food increases the absorption of lumefantrine and artemether.
DB06712,Take without regard to meals
DB06724,Food increases the absorption of calcium carbonate. 
DB06779,"Herbs (anticoagulant/antiplatelet properties such as ginseng, ginkgo, ginger, garlic)"
DB06146,Take with food. Drink liberally.
DB06822,"Herbs with anticoagulant/antiplatelet properties (ginger, gingko, garlic) may increase the risk of bleeding."
DB08813,"Danshen, dong quai, evening primrose oil, gingko, policosanol, willowbark"
DB08814,Gingko bilboa
DB08814,"Herbs with anticoagulant/antiplatelet activity such as alfalfa, feverfew, ginger, ginseng, grape seed, green tea,  horseradish "
DB08815,"When taken with food, there is a two-fold increase in exposure and  time to maximal concentration is increased by 0.5-1.5 hours. "
DB05989,Exposure increases 2- to 4- fold when given with a high fat meal. It is recommended that ivacaftor be given this way. 
DB05358,Food does not affect absorption or bioavailibity.
DB05358,Nutrition/Herbal interaction
DB08823,No known food interactions.
DB09548,No known food interactions.
DB08826,Food does not affect absorption.
DB08827,"Avoid grapefruit juice, which will likely increase lomitapide plasma concentrations."
DB08827,"When taking lomitapide with food, the risk of GI side effects is increased."
DB08828,Food does not affect absorption.
DB08835,No food effects were found.
DB06514,Avoid taking pitavastatin with red yeast rice. May increase risk of myopathy of pitavastatin via pharmacodynamic synergism. Red yeast rice contain monocolin K (similar to lovastatin) 
DB06514,Take with or without food 
DB05083,Absorption is increased by 40% if taken with food.
DB05083,Co-administration with St. John's wort decreases levels of rilpivirine by inducing CYP3A4 metabolism. Use is contraindicated. 
DB08700,"When given with a high-fat meal, AUC and Cmax were reduced by 14%. Despite this, crizotinib may be given with or without food.  "
DB05366,A high fat meal may lower mean Cmax and increase mean AUC(0-∞) but these changes are not clinically significant. Take without regards to meals. 
DB04922,No food effects.
DB05665,"Food increases the exposure of boceprevir by up to 65%. However, bioavailability is not affected and thus can be taken without regards to meals."
DB08874,Food decreases Cmax of fidaxomicin and its metabolites however this is not considered clinically significant. 
DB05153,Avoid grapefruit juice. Combination may increase levels of cabozantinib. Also avoid all other strong CYP3A4 inhibitors.
DB08876,No food effects found.
DB08877,Take without regards to meals 
DB03805,"Food does not affect teriflunomide pharmacokinetics, so take with or without food."
DB08882,"Although a high fat meal reduces Cmax and increases AUC, this interaction with food is not clinically significant"
DB08883,Food slows perampanel's absorption rate but not extent.
DB05566,"Even when taken with food, linaclotide does not reach detectable levels in the plasma. However, when taken with a high fat meal, one may observe looser stools and a higher stool frequency."
DB05702,"When taken with meals, levels of mirabegron decreased. Furthermore, the magnitude of this effect was greater if taken with a low fat meal, rather than a high fat meal. Despite these findings, dose adjustment is not required."
DB08896,"When taken with a high-fat meal, AUC increased by 48% and decreased mean AUC of M2 and M5 metabolites by 20% and 51% respectively."
DB08898,No food effects were found.
DB08903,"When administered with food, relative bioavailability increases 2-fold"
DB08908,"Food does not affect the pharmacokinetics of dimethyl fumarate, but it may reduce dimethyl fumarate induced GI upset and flushing. "
DB08911,"When taken with a high-fat, high-calorie meal, AUC and Cmax decreased. Tmax was also prolonged compared to fasted conditions."
DB08912,"When taken with a fatty meal, Cmax and AUC decreased. Tmax is also prolonged compared to the fasted condition."
DB09566,"Since radium Ra 223 dichloride is administered intravenously, no food effects should occur."
DB08916,"When given with a high-fat meal, Cmax decreases by 50% and AUC by 39% relative to the fasted state. "
DB08932,Can be taken with or without food.
DB08934,Sofosbuvir can be given with or without food.
DB08935,Echinacea: diminished therapeutic effect of immunosuppressants
DB09034,Grapefruit Juice
DB09049,"A high-fat meal increased the extent and rate of naloxegol absorption. The Cmax and AUC were increased by approximately 30% and 45%, respectively. In clinical trials, naloxegol was dosed on an empty stomach approximately 1 hour prior to the first meal in the morning."
DB09053,Administration with food increases ibrutinib exposure approximately 2-fold compared with administration after overnight fasting.
DB09083,Grapefruit juice may increase ivabradine exposure by twofold (due to its inhibition of CYP3A4). Therefore grapefruit juice consumption is not recommended while taking ivabradine.
DB09570,A food effect study conducted in patients with a single 4 mg dose of ixazomib showed that a high-fat meal decreased ixazomib AUC by 28% and Cmax by 69%.
DB11575,"Relative to fasting conditions, the administration of a single dose of grazoprevir + elbasvir (Zapatier) with a high-fat (900 kcal, 500 kcal from fat) meal to healthy subjects resulted in decreases in elbasvir AUC0-inf and Cmax of approximately 11% and 15%, respectively, and increases in grazoprevir AUC0-inf and Cmax of approximately 1.5-fold and 2.8-fold, respectively."
